/		CG-6 Survey
/		Survey Name:	ENDUT_12
/		Instrument Serial Number:	000000021010311
/		Created:	2021-04-10 01:26:59
/
/		CG-6 Calibration
/		Operator:	ROBBY
/		Gcal1 [mGal]:	8178.449000
/		Goff [ADU]:	-8388608.000000
/		Gref [mGal]:	0.0000
/		X Scale [arc-sec/ADU]:	0.030973
/		Y Scale [arc-sec/ADU]:	0.031031
/		X Offset [ADU]:	-273519.000000
/		Y Offset [ADU]:	-173957.000000
/		Temperature Coefficient [mGal/mK]:	-0.132000
/		Temperature Scale [mK/ADU]:	-0.000111
/		Drift Rate [mGal/day]:	-0.121130
/		Drift Zero Time:	1970-01-01 00:00:00
/		Firmware Version:	CG6_2_20190125
/
/Station	Date	Time	CorrGrav	Line	StdDev	StdErr	RawGrav	X	Y	SensorTemp	TideCorr	TiltCorr	TempCorr	DriftCorr	MeasurDur	InstrHeight	LatUser	LonUser	ElevUser	LatGPS	LonGPS	ElevGPS	Corrections[drift-temp-na-tide-tilt]
BASE	2021-04-10	01:26:59	4496.0443	0	0.0207	0.0027	2227.3866	0.7	0.3	1.3900	0.0638	0.0000	0.1843	2268.4095	60	0.000	-6.617955	106.301041	511.90	-6.617901	106.301186	510.7	11011
BASE	2021-04-10	01:27:59	4496.0342	0	0.0216	0.0028	2227.3756	1.1	0.7	1.3909	0.0649	0.0000	0.1840	2268.4096	60	0.000	-6.617955	106.301041	511.90	-6.617996	106.301003	508.0	11011
BASE	2021-04-10	01:28:59	4496.0333	0	0.0197	0.0025	2227.3730	0.4	-0.1	1.4057	0.0659	0.0000	0.1847	2268.4097	60	0.000	-6.617955	106.301041	511.90	-6.618024	106.300888	506.7	11011
BASE	2021-04-10	01:29:59	4496.0312	0	0.0193	0.0025	2227.3695	0.6	-1.2	1.3960	0.0669	0.0001	0.1850	2268.4098	60	0.000	-6.617955	106.301041	511.90	-6.618014	106.300926	506.7	11011
BASE	2021-04-10	01:30:59	4496.0308	0	0.0197	0.0025	2227.3675	-0.3	-0.9	1.4085	0.0680	0.0000	0.1855	2268.4099	60	0.000	-6.617955	106.301041	511.90	-6.618029	106.300919	506.7	11011
BASE	2021-04-10	01:41:30	4496.0287	0	0.0175	0.0023	2227.3499	-0.5	-1.8	1.4344	0.0787	0.0001	0.1894	2268.4108	60	0.000	-6.617955	106.301041	511.90	-6.617971	106.301071	504.1	11011
BASE	2021-04-10	01:42:30	4496.0312	0	0.0198	0.0025	2227.3512	-0.5	-1.8	1.4286	0.0797	0.0001	0.1895	2268.4108	60	0.000	-6.617955	106.301041	511.90	-6.617982	106.301056	504.0	11011
BASE	2021-04-10	01:43:30	4496.0296	0	0.0212	0.0027	2227.3483	-0.1	-1.2	1.4384	0.0807	0.0000	0.1897	2268.4109	60	0.000	-6.617955	106.301041	511.90	-6.617891	106.301056	503.4	11011
BASE	2021-04-10	01:44:30	4496.0289	0	0.0198	0.0026	2227.3465	-0.4	-1.9	1.4392	0.0817	0.0001	0.1895	2268.4110	60	0.000	-6.617955	106.301041	511.90	-6.617917	106.301056	503.9	11011
BASE	2021-04-10	01:45:30	4496.0279	0	0.0202	0.0026	2227.3445	-0.4	-1.7	1.4339	0.0827	0.0001	0.1896	2268.4111	60	0.000	-6.617955	106.301041	511.90	-6.617944	106.301041	503.5	11011
BASE	2021-04-10	01:58:58	4496.0387	0	0.0193	0.0025	2227.3393	-3.0	2.4	1.4466	0.0957	0.0003	0.1912	2268.4122	60	0.000	-6.617955	106.301041	511.90	-6.618014	106.300995	501.9	11011
BASE	2021-04-10	01:59:58	4496.0389	0	0.0168	0.0022	2227.3385	-3.7	2.2	1.4505	0.0967	0.0002	0.1912	2268.4123	60	0.000	-6.617955	106.301041	511.90	-6.618013	106.301033	502.1	11011
BASE	2021-04-10	02:00:58	4496.0388	0	0.0169	0.0022	2227.3376	-4.4	2.0	1.4444	0.0976	0.0002	0.1909	2268.4124	60	0.000	-6.617955	106.301041	511.90	-6.618030	106.301056	502.2	11011
BASE	2021-04-10	02:01:58	4496.0394	0	0.0191	0.0025	2227.3371	-3.8	1.9	1.4490	0.0986	0.0002	0.1910	2268.4125	60	0.000	-6.617955	106.301041	511.90	-6.618024	106.301094	502.6	11011
BASE	2021-04-10	02:02:58	4496.0387	0	0.0178	0.0023	2227.3351	-4.6	2.4	1.4464	0.0995	0.0004	0.1911	2268.4126	60	0.000	-6.617955	106.301041	511.90	-6.617996	106.301094	502.7	11011
BASEPSDG	2021-04-10	04:06:11	4504.8402	0	0.0191	0.0025	2236.0581	0.2	0.9	1.4705	0.1643	0.0000	0.1948	2268.4229	60	0.000	-6.583667	106.309311	650.20	--	--	--	11011
BASEPSDG	2021-04-10	04:07:11	4504.8422	0	0.0195	0.0025	2236.0605	-1.4	1.4	1.4653	0.1643	0.0001	0.1944	2268.4230	60	0.000	-6.583667	106.309311	650.20	--	--	--	11011
BASEPSDG	2021-04-10	04:08:11	4504.8417	0	0.0242	0.0031	2236.0599	-1.6	1.8	1.4726	0.1643	0.0001	0.1944	2268.4231	60	0.000	-6.583667	106.309311	650.20	--	--	--	11011
BASEPSDG	2021-04-10	04:09:11	4504.8441	0	0.0195	0.0025	2236.0625	-1.3	1.7	1.4733	0.1643	0.0001	0.1940	2268.4232	60	0.000	-6.583667	106.309311	650.20	--	--	--	11011
BASEPSDG	2021-04-10	04:10:11	4504.8418	0	0.0220	0.0028	2236.0605	0.2	2.4	1.4709	0.1643	0.0001	0.1937	2268.4233	60	0.000	-6.583667	106.309311	650.20	--	--	--	11011
BASEPSDG	2021-04-10	04:11:28	4504.8413	0	0.0220	0.0028	2236.0603	-1.1	1.6	1.4688	0.1643	0.0001	0.1934	2268.4234	60	0.000	-6.583667	106.309311	650.20	--	--	--	11011
BASEPSDG	2021-04-10	04:12:28	4504.8416	0	0.0235	0.0030	2236.0606	-0.8	1.4	1.4619	0.1642	0.0001	0.1932	2268.4235	60	0.000	-6.583667	106.309311	650.20	--	--	--	11011
BASEPSDG	2021-04-10	04:13:28	4504.8415	0	0.0196	0.0025	2236.0605	-0.4	-0.1	1.4635	0.1642	0.0000	0.1932	2268.4235	60	0.000	-6.583667	106.309311	650.20	--	--	--	11011
BASEPSDG	2021-04-10	04:14:28	4504.8423	0	0.0198	0.0026	2236.0615	-0.7	-0.1	1.4545	0.1641	0.0000	0.1930	2268.4236	60	0.000	-6.583667	106.309311	650.20	--	--	--	11011
BASEPSDG	2021-04-10	04:15:28	4504.8405	0	0.0188	0.0024	2236.0599	-0.5	1.0	1.4609	0.1641	0.0000	0.1927	2268.4237	60	0.000	-6.583667	106.309311	650.20	--	--	--	11011
BASEUI	2021-04-10	06:04:32	4505.5416	0	0.0184	0.0024	2236.8071	-2.5	-0.9	1.4799	0.1073	0.0001	0.1942	2268.4329	60	0.000	-6.617072	106.305992	445.90	-6.617079	106.305992	446.0	11011
BASEUI	2021-04-10	06:05:32	4505.5418	0	0.0226	0.0029	2236.8081	-3.0	-2.0	1.4700	0.1064	0.0001	0.1942	2268.4330	60	0.000	-6.617072	106.305992	445.90	-6.617076	106.305992	446.0	11011
BASEUI	2021-04-10	06:06:32	4505.5433	0	0.0169	0.0022	2236.8102	-2.6	-1.7	1.4746	0.1055	0.0001	0.1943	2268.4331	60	0.000	-6.617072	106.305992	445.90	-6.617076	106.305992	445.9	11011
BASEUI	2021-04-10	06:07:32	4505.5429	0	0.0186	0.0024	2236.8112	-1.7	-1.2	1.4722	0.1046	0.0001	0.1940	2268.4331	60	0.000	-6.617072	106.305992	445.90	-6.617076	106.305992	446.0	11011
BASEUI	2021-04-10	06:08:32	4505.5418	0	0.0182	0.0023	2236.8108	-1.5	-3.8	1.4723	0.1037	0.0002	0.1939	2268.4332	60	0.000	-6.617072	106.305992	445.90	-6.617076	106.305992	446.1	11011
BASE	2021-04-10	06:25:09	4496.0430	0	0.0183	0.0024	2227.3268	-2.3	-0.7	1.4657	0.0879	0.0001	0.1935	2268.4346	60	0.000	-6.617953	106.301033	490.10	-6.617959	106.301041	491.6	11011
BASE	2021-04-10	06:26:09	4496.0448	0	0.0182	0.0024	2227.3294	-3.1	-1.9	1.4647	0.0869	0.0002	0.1935	2268.4347	60	0.000	-6.617953	106.301033	490.10	-6.617959	106.301041	491.6	11011
BASE	2021-04-10	06:27:09	4496.0443	0	0.0180	0.0023	2227.3300	-3.5	-1.0	1.4720	0.0860	0.0002	0.1933	2268.4348	60	0.000	-6.617953	106.301033	490.10	-6.617956	106.301041	491.4	11011
BASE	2021-04-10	06:28:09	4496.0433	0	0.0170	0.0022	2227.3302	-3.1	-1.5	1.4642	0.0850	0.0002	0.1931	2268.4349	60	0.000	-6.617953	106.301033	490.10	-6.617959	106.301041	491.6	11011
BASE	2021-04-10	06:29:09	4496.0436	0	0.0203	0.0026	2227.3315	-2.1	-1.9	1.4609	0.0840	0.0001	0.1930	2268.4350	60	0.000	-6.617953	106.301033	490.10	-6.617962	106.301056	491.8	11011
