/		CG-6 Survey																					
/		Survey Name:	ENDUT_11																				
/		Instrument Serial Number:	21010311																				
/		Created:	08/04/2021 00:53																				
/																							
/		CG-6 Calibration																					
/		Operator:	ROBBY																				
/		Gcal1 [mGal]:	8178.449																				
/		Goff [ADU]:	-8388608																				
/		Gref [mGal]:	0																				
/		X Scale [arc-sec/ADU]:	0.030973																				
/		Y Scale [arc-sec/ADU]:	0.031031																				
/		X Offset [ADU]:	-273519																				
/		Y Offset [ADU]:	-173957																				
/		Temperature Coefficient [mGal/mK]:	-0.132																				
/		Temperature Scale [mK/ADU]:	-0.000111																				
/		Drift Rate [mGal/day]:	-0.12113																				
/		Drift Zero Time:	01/01/1970 00:00																				
/		Firmware Version:	CG6_2_20190125																				
/																							
/Station	Date	Time	CorrGrav	Line	StdDev	StdErr	RawGrav	X	Y	SensorTemp	TideCorr	TiltCorr	TempCorr	DriftCorr	MeasurDur	InstrHeight	LatUser	LonUser	ElevUser	LatGPS	LonGPS	ElevGPS	Corrections[drift-temp-na-tide-tilt]
BASE	08/04/2021	00:53:29	4495.9118	0	0.0183	0.0024	2227.4769	-1.6	0.8	1.3832	0.0875	0	0.1829	2268.1645	60	0	-6.617876	106.300941	508.6	-6.618167	106.301003	511.7	11011
BASE	08/04/2021	00:54:29	4495.9021	0	0.0176	0.0023	2227.4662	-2	0.6	1.3913	0.0883	0.0001	0.183	2268.1645	60	0	-6.617876	106.300941	508.6	-6.618102	106.301003	511.4	11011
BASE	08/04/2021	00:55:29	4495.9039	0	0.0136	0.0018	2227.4667	-2.2	-1.3	1.386	0.0891	0.0001	0.1833	2268.1646	60	0	-6.617876	106.300941	508.6	-6.617978	106.300995	511.4	11011
BASE	08/04/2021	00:56:29	4495.9022	0	0.0159	0.0021	2227.4638	-2.2	0.4	1.3868	0.0899	0.0001	0.1837	2268.1647	60	0	-6.617876	106.300941	508.6	-6.61793	106.301003	511.7	11011
BASE	08/04/2021	00:57:29	4495.8988	0	0.0163	0.0021	2227.4591	-3	-1	1.395	0.0907	0.0001	0.1841	2268.1648	60	0	-6.617876	106.300941	508.6	-6.618003	106.301003	511.6	11011
BASE	08/04/2021	00:58:46	4495.8987	0	0.016	0.0021	2227.4573	-2.4	0.7	1.391	0.0917	0.0001	0.1847	2268.1649	60	0	-6.617876	106.300941	508.6	-6.618061	106.300995	512.5	11011
BASE	08/04/2021	00:59:46	4495.8995	0	0.0216	0.0028	2227.4568	-1.4	-0.1	1.4005	0.0925	0.0001	0.1852	2268.165	60	0	-6.617876	106.300941	508.6	-6.617963	106.301003	512.8	11011
BASE	08/04/2021	01:00:46	4495.8999	0	0.0191	0.0025	2227.4558	-1.1	-0.7	1.4131	0.0933	0.0001	0.1857	2268.1651	60	0	-6.617876	106.300941	508.6	-6.618072	106.301003	512.9	11011
BASE	08/04/2021	01:01:46	4495.898	0	0.0151	0.0019	2227.4529	-2.2	-0.9	1.4137	0.0941	0.0001	0.1859	2268.1652	60	0	-6.617876	106.300941	508.6	--	--	--	11011
BASE	08/04/2021	01:02:46	4495.8986	0	0.0388	0.005	2227.4521	-1.6	-1.4	1.4161	0.0948	0.0001	0.1863	2268.1652	60	0	-6.617876	106.300941	508.6	-6.618037	106.301033	512.7	11011
GE191	08/04/2021	04:04:03	4396.069	0	0.0156	0.002	2127.5597	-3.9	1.2	1.4708	0.1342	0.0002	0.1944	2268.1805	60	0	-6.608414	106.346642	871.3	-6.608415	106.346695	870.3	11011
GE191	08/04/2021	04:05:03	4396.0652	0	0.0193	0.0025	2127.5563	-5.1	-1.8	1.4668	0.1338	0.0004	0.1942	2268.1806	60	0	-6.608414	106.346642	871.3	-6.608409	106.34668	871.2	11011
GE191	08/04/2021	04:06:03	4396.062	0	0.0212	0.0027	2127.5535	-5.6	-2.9	1.4684	0.1333	0.0004	0.1941	2268.1807	60	0	-6.608414	106.346642	871.3	-6.608412	106.34668	871.2	11011
GE191	08/04/2021	04:07:03	4396.0588	0	0.0189	0.0024	2127.5502	-7.2	-3.4	1.4643	0.1329	0.0008	0.1942	2268.1807	60	0	-6.608414	106.346642	871.3	-6.608417	106.346695	872.5	11011
GE191	08/04/2021	04:08:03	4396.058	0	0.0212	0.0027	2127.5493	-8.6	-6.5	1.4695	0.1324	0.0015	0.1939	2268.1808	60	0	-6.608414	106.346642	871.3	-6.608415	106.346718	873	11011
GE193	08/04/2021	04:50:28	4333.6972	0	0.0286	0.0037	2065.2122	-6.1	0	1.4611	0.1074	0.0005	0.1927	2268.1844	60	0	-6.614494	106.351662	1109	-6.614532	106.351791	1154.5	11011
GE193	08/04/2021	04:51:28	4333.6908	0	0.0287	0.0037	2065.2062	-7.7	-2.9	1.4599	0.1067	0.0009	0.1925	2268.1845	60	0	-6.614494	106.351662	1109	-6.614532	106.351791	1156.2	11011
GE193	08/04/2021	04:52:28	4333.6915	0	0.0366	0.0047	2065.2076	-8.5	-1.9	1.4551	0.106	0.001	0.1923	2268.1846	60	0	-6.614494	106.351662	1109	-6.61453	106.351791	1156	11011
GE193	08/04/2021	04:53:28	4333.689	0	0.0333	0.0043	2065.2064	-7.2	-2.4	1.4527	0.1053	0.0007	0.192	2268.1846	60	0	-6.614494	106.351662	1109	-6.614526	106.351791	1157.6	11011
GE193	08/04/2021	04:54:28	4333.6872	0	0.0293	0.0038	2065.2054	-6.2	-3.9	1.4526	0.1046	0.0007	0.1918	2268.1847	60	0	-6.614494	106.351662	1109	-6.614532	106.351791	1157.9	11011
GE193	08/04/2021	04:56:58	4333.6973	0	0.041	0.0053	2065.218	-3.4	3.7	1.4437	0.1027	0.0003	0.1913	2268.1849	60	0	-6.614494	106.351662	1109	-6.614604	106.351814	1163.5	11011
GE193	08/04/2021	04:57:58	4333.6961	0	0.0338	0.0044	2065.218	-2.5	1.9	1.4493	0.102	0.0001	0.191	2268.185	60	0	-6.614494	106.351662	1109	-6.614599	106.351791	1165.6	11011
GE193	08/04/2021	04:58:58	4333.6954	0	0.0348	0.0045	2065.2182	-2.8	0.9	1.4475	0.1012	0.0001	0.1907	2268.1851	60	0	-6.614494	106.351662	1109	-6.614576	106.351776	1166.6	11011
GE193	08/04/2021	04:59:58	4333.6946	0	0.0197	0.0025	2065.2182	-3.4	1.9	1.4355	0.1005	0.0002	0.1905	2268.1852	60	0	-6.614494	106.351662	1109	-6.614567	106.351776	1167.3	11011
GE193	08/04/2021	05:00:58	4333.6932	0	0.0303	0.0039	2065.2179	-3.6	0.9	1.443	0.0997	0.0002	0.1901	2268.1853	60	0	-6.614494	106.351662	1109	-6.614563	106.351776	1167.2	11011
GE195	08/04/2021	05:30:41	4364.9101	0	0.0402	0.0052	2096.4574	-6.6	-3.1	1.4305	0.0757	0.0006	0.1886	2268.1878	60	0	-6.615024	106.346237	1040.1	-6.615053	106.346352	1037.7	11011
GE195	08/04/2021	05:31:41	4364.9006	0	0.0379	0.0049	2096.4475	-9.7	-9	1.4304	0.0748	0.0022	0.1883	2268.1879	60	0	-6.615024	106.346237	1040.1	-6.615059	106.34639	1038.1	11011
GE195	08/04/2021	05:32:41	4364.8935	0	0.0329	0.0042	2096.4392	-10.9	-15.1	1.424	0.074	0.0041	0.1883	2268.1879	60	0	-6.615024	106.346237	1040.1	-6.615064	106.346397	1038.3	11011
GE195	08/04/2021	05:33:41	4364.8863	0	0.0318	0.0041	2096.4309	-11.3	-20.5	1.4162	0.0731	0.0061	0.1882	2268.188	60	0	-6.615024	106.346237	1040.1	-6.615059	106.34639	1038.1	11011
GE195	08/04/2021	05:34:41	4364.8799	0	0.0315	0.0041	2096.4232	-13.5	-23.4	1.424	0.0722	0.0086	0.1878	2268.1881	60	0	-6.615024	106.346237	1040.1	-6.615046	106.346352	1038.5	11011
GE195	08/04/2021	05:36:48	4364.9146	0	0.0272	0.0035	2096.4681	-3.7	1.6	1.4157	0.0704	0.0002	0.1876	2268.1883	60	0	-6.615024	106.346237	1040.1	-6.615057	106.346336	1038.3	11011
GE195	08/04/2021	05:37:48	4364.9102	0	0.0193	0.0025	2096.4646	-3.1	-1.9	1.413	0.0695	0.0002	0.1875	2268.1884	60	0	-6.615024	106.346237	1040.1	-6.615052	106.346336	1038.3	11011
GE195	08/04/2021	05:38:48	4364.9073	0	0.0328	0.0042	2096.4623	-4.6	-3.3	1.4172	0.0686	0.0004	0.1874	2268.1885	60	0	-6.615024	106.346237	1040.1	-6.615046	106.346352	1038.5	11011
GE195	08/04/2021	05:39:48	4364.9017	0	0.0286	0.0037	2096.4578	-4.8	-5.2	1.4249	0.0678	0.0006	0.1871	2268.1885	60	0	-6.615024	106.346237	1040.1	-6.615053	106.346336	1037.8	11011
GE195	08/04/2021	05:40:48	4364.9002	0	0.0229	0.003	2096.4568	-5.4	-8.2	1.4104	0.0669	0.0011	0.1868	2268.1886	60	0	-6.615024	106.346237	1040.1	-6.615098	106.34639	1037.7	11011
GE197	08/04/2021	06:09:41	4388.3122	0	0.0344	0.0044	2119.8923	-3.2	4.9	1.4181	0.0409	0.0004	0.1875	2268.1911	60	0	-6.613542	106.341568	962.1	-6.613545	106.341583	961	11011
GE197	08/04/2021	06:10:41	4388.3098	0	0.0284	0.0037	2119.8909	-1.5	4.9	1.4177	0.04	0.0003	0.1874	2268.1911	60	0	-6.613542	106.341568	962.1	-6.613545	106.341606	960.9	11011
GE197	08/04/2021	06:11:41	4388.3094	0	0.027	0.0035	2119.8914	1.4	4.5	1.4242	0.0391	0.0003	0.1874	2268.1912	60	0	-6.613542	106.341568	962.1	-6.613528	106.341606	960.6	11011
GE197	08/04/2021	06:12:41	4388.3077	0	0.0336	0.0043	2119.8906	4.7	3.8	1.4189	0.0382	0.0005	0.1871	2268.1913	60	0	-6.613542	106.341568	962.1	-6.613534	106.341621	960.4	11011
GE197	08/04/2021	06:13:41	4388.3051	0	0.0414	0.0053	2119.889	5.7	2.9	1.422	0.0373	0.0005	0.187	2268.1914	60	0	-6.613542	106.341568	962.1	-6.613516	106.341583	960	11011
GE197	08/04/2021	06:15:18	4388.3085	0	0.0273	0.0035	2119.8942	-0.1	3.5	1.4153	0.0358	0.0002	0.1867	2268.1915	60	0	-6.613542	106.341568	962.1	-6.613497	106.341545	960.1	11011
GE197	08/04/2021	06:16:18	4388.3057	0	0.0326	0.0042	2119.8925	1.1	2.8	1.4201	0.0349	0.0001	0.1866	2268.1916	60	0	-6.613542	106.341568	962.1	-6.613515	106.341507	959	11011
GE197	08/04/2021	06:17:18	4388.3059	0	0.0195	0.0025	2119.8934	2.4	2.3	1.4136	0.034	0.0002	0.1867	2268.1917	60	0	-6.613542	106.341568	962.1	-6.61352	106.341621	956.7	11011
GE197	08/04/2021	06:18:18	4388.3055	0	0.0307	0.004	2119.8941	3.5	2.5	1.4075	0.0331	0.0002	0.1864	2268.1918	60	0	-6.613542	106.341568	962.1	-6.613531	106.341553	956.4	11011
GE197	08/04/2021	06:19:18	4388.3044	0	0.0251	0.0032	2119.8936	5.6	1	1.4172	0.0322	0.0004	0.1864	2268.1919	60	0	-6.613542	106.341568	962.1	-6.613533	106.341553	956.2	11011
GE199	08/04/2021	06:52:24	4411.3635	0	0.0267	0.0034	2142.9776	-1.9	0.8	1.4245	0.0028	0.0001	0.1883	2268.1946	60	0	-6.612072	106.335846	871.7	-6.612129	106.335655	855.8	11011
GE199	08/04/2021	06:53:24	4411.3628	0	0.0274	0.0035	2142.9777	-0.4	-1	1.4204	0.0019	0	0.1884	2268.1947	60	0	-6.612072	106.335846	871.7	-6.61214	106.335709	853.1	11011
GE199	08/04/2021	06:54:24	4411.3591	0	0.0341	0.0044	2142.9747	1	-3.4	1.4235	0.0011	0.0002	0.1882	2268.1948	60	0	-6.612072	106.335846	871.7	-6.61215	106.335709	851	11011
GE199	08/04/2021	06:55:24	4411.3562	0	0.0437	0.0056	2142.9723	0.2	-5.6	1.4206	0.0002	0.0004	0.1884	2268.1949	60	0	-6.612072	106.335846	871.7	-6.612109	106.335655	842.2	11011
GE199	08/04/2021	06:56:24	4411.3536	0	0.0335	0.0043	2142.9703	0.1	-7.3	1.4227	-0.0006	0.0006	0.1884	2268.195	60	0	-6.612072	106.335846	871.7	-6.612109	106.335594	842.4	11011
GE199	08/04/2021	07:02:28	4411.3674	0	0.0186	0.0024	2142.9876	-5.2	3.3	1.4282	-0.0057	0.0005	0.1894	2268.1955	60	0	-6.612072	106.335846	871.7	-6.612153	106.335388	841.6	11011
GE199	08/04/2021	07:03:28	4411.3657	0	0.0222	0.0029	2142.9866	-5.2	3.1	1.4378	-0.0065	0.0004	0.1897	2268.1956	60	0	-6.612072	106.335846	871.7	-6.612173	106.335388	841	11011
GE199	08/04/2021	07:04:28	4411.3645	0	0.0201	0.0026	2142.9861	-5.1	1.4	1.4418	-0.0073	0.0004	0.1896	2268.1957	60	0	-6.612072	106.335846	871.7	-6.612143	106.335365	840.8	11011
GE199	08/04/2021	07:05:28	4411.3671	0	0.0206	0.0027	2142.9895	-4.7	0.5	1.4327	-0.0081	0.0003	0.1897	2268.1957	60	0	-6.612072	106.335846	871.7	-6.612129	106.335388	841.3	11011
GE199	08/04/2021	07:06:28	4411.3647	0	0.0203	0.0026	2142.9878	-4.7	0.3	1.4412	-0.009	0.0003	0.1898	2268.1958	60	0	-6.612072	106.335846	871.7	-6.612136	106.335388	840.7	11011
BASE	08/04/2021	09:22:10	4495.9338	0	0.0167	0.0022	2227.6017	1.6	-0.3	1.4702	-0.069	0.0001	0.1938	2268.2072	60	0	-6.612072	106.335846	871.7	-6.620147	106.304184	40	11011
BASE	08/04/2021	09:23:10	4495.9339	0	0.013	0.0017	2227.602	0.4	-1.1	1.4653	-0.069	0	0.1935	2268.2073	60	0	-6.612072	106.335846	871.7	--	--	--	11011
BASE	08/04/2021	09:24:10	4495.9349	0	0.0194	0.0025	2227.603	0.7	0.1	1.4627	-0.0689	0	0.1933	2268.2074	60	0	-6.612072	106.335846	871.7	--	--	--	11011
BASE	08/04/2021	09:25:10	4495.9363	0	0.019	0.0025	2227.6046	0.4	-0.2	1.4592	-0.0689	0	0.1931	2268.2075	60	0	-6.612072	106.335846	871.7	--	--	--	11011
BASE	08/04/2021	09:26:10	4495.9356	0	0.0171	0.0022	2227.6042	0.6	-0.9	1.4586	-0.0689	0.0001	0.1927	2268.2076	60	0	-6.612072	106.335846	871.7	--	--	--	11011
BASE	08/04/2021	09:29:43	4495.9363	0	0.0189	0.0024	2227.6043	2.3	0.6	1.458	-0.0686	0.0001	0.1926	2268.2079	60	0	-6.612072	106.335846	871.7	--	--	--	11011
BASE	08/04/2021	09:30:43	4495.9352	0	0.0183	0.0024	2227.6033	1.7	1.1	1.4626	-0.0685	0.0001	0.1924	2268.208	60	0	-6.612072	106.335846	871.7	--	--	--	11011
BASE	08/04/2021	09:31:43	4495.9359	0	0.0151	0.002	2227.6038	1.3	0.6	1.4557	-0.0684	0.0001	0.1925	2268.2081	60	0	-6.612072	106.335846	871.7	--	--	--	11011
BASE	08/04/2021	09:32:43	4495.9363	0	0.0175	0.0023	2227.6041	1.2	0.1	1.4601	-0.0683	0	0.1923	2268.2081	60	0	-6.612072	106.335846	871.7	--	--	--	11011
BASE	08/04/2021	09:33:43	4495.9369	0	0.0144	0.0019	2227.6047	1.5	-1.2	1.4563	-0.0682	0.0001	0.1922	2268.2082	60	0	-6.612072	106.335846	871.7	--	--	--	11011
